lr: 0.001
batch_size: 16
max_iters: 10
k_fold: 4
user_lf_range: [5, 10, 20, 40]
item_lf_range: [5, 10, 20, 40]
reg_param_range: [0.000001, 0.00001, 0.0001, 0.001, 0.001, 0.1, 1.0]
